X,Y,Tangent X,Tangent Y,Fixed Theta,Name
5.0,7.5,10.0,0.0,true,
12.5,7.5,2.891069118097864,0.48867501530403423,true,
15.0,10.0,5.921189464667501E-16,1.6666666666666665,false,
12.5,12.5,-1.9580906491498506,-0.027347676141395993,true,
8.925522761767576,9.916506089960585,-0.4172609003108191,-2.0047751337008135,false,
12.609380569444138,6.420600211247115,1.87612870169718,-0.8269884874375935,true,
20.0,7.5,1.0296269869905537,-0.3759038579261791,true,
22.5,5.0,0.40061973989784977,-1.9519885092520228,false,
19.8643250274194,1.609030829792018,-1.864832719041022,0.08638086040008419,true,
16.255647991328072,5.142527094298106,0.4753745585743688,1.9248851514505443,false,
20.0,7.5,2.0451909347633723,1.6941562611298118,false,
22.5,10.0,0.8226405203402543,1.1945792069095962,true,
25.0,12.5,1.5787962032899578,0.15036154317047057,true,
27.5,10.0,0.6183040219402081,-2.108735012836316,false,
24.939027109422824,6.082286739113554,-2.142651990179221,-0.4134942437187954,true,
12.5341997978589,6.420600211247115,-7.42850662268754,-0.035083268406264,false,
2.8358802633634688,6.1574675106987895,-1.3532538885342467,0.0,true,
