X,Y,Tangent X,Tangent Y,Fixed Theta,Name
4.865761096164839,6.270238668076644,5.692270894020622,-0.02686898655958192,true,
6.2566053704917035,6.34541943966188,0.7893981016449763,0.07518077158523084,true,
7.835401573781656,5.631202109602139,0.18795192896308954,-0.9773500306080667,true,
8.587209289634016,1.0075846571101303,-0.0029118983519040853,0.763007804667208,true,
8.699980447011866,6.383009825454498,0.11277115737784982,0.4134942437187963,true,
10.54190935085015,9.352650303071314,1.3893180688510276,2.1703281375945314,false,
12.872513269992462,12.848556181784783,1.059744408859502,1.8197531094968424,false,
13.511549828466968,13.976267755563322,0.7142173300597392,0.6014461726818876,true,
15.240707574927391,14.57771392824521,1.226557649128325,0.1194643237763043,false,
17.195407636143525,14.239400456111648,0.8127990800199602,-0.6950770000824569,false,
17.947215351995887,12.96132733916264,0.404763366517811,-1.0876997035605143,false,
18.097576895166355,10.93144650636127,0.07518077158523973,-1.9547000612161352,true,
18.210348052544212,7.097227155514238,-0.07518077158523617,-1.0149404164006848,true,
18.62384229626301,1.0075846571101303,0.11277115737785337,1.6163865890825706,true,
18.924565382603955,10.17963879050891,0.0,1.09012118798592,true,
19.37565001211537,13.675544669222381,0.5928510126998668,1.6976092188407146,false,
19.901915413212016,14.95361778617139,1.2028923453637752,0.5638557868892686,true,
28.47252337392891,14.840846628793537,1.0525308021932993,-0.9021692590228341,true,
29.18674070398865,11.344940750080065,-0.03759038579261542,-0.9773500306080667,true,
28.84842723185509,2.511200088814849,0.15036154317047234,1.6163865890825706,true,
29.337102247159123,6.608552140210205,0.3007230863409376,1.2028923453637725,true,
29.525054176122218,8.187348343500158,0.5638557868892669,0.9021692590228323,true,
29.900958034048394,8.563252201426339,1.353253888534244,0.3007230863409447,true,
