X,Y,Tangent X,Tangent Y,Fixed Theta,Name
7.5,7.5,3.94407860987298,-1.15458056033812,true,
15.654201818646188,6.195057896491408,0.6766269442671256,0.0,true,
25.051798266800674,7.097227155514238,0.9397596448154495,1.7291577464604266,true,
25.0893886525933,10.405181105264619,-0.03759038579262253,1.1653019595711598,true,
27.495173343320843,14.239400456111648,1.3156635027416286,0.0,true,
29.97613880563363,9.878915704167968,0.1503615431704688,-1.84192890383828,true,
27.41999257173561,6.195057896491408,-1.5412058174973353,0.15036154317047323,true,
23.88649630722952,10.21722917630153,-0.1503615431704759,1.5412058174973335,true,
23.811315535644287,12.810965795992168,-0.33831347213356366,0.7893981016449736,true,
18.511071138885153,14.126629298733796,-3.116992055586903,0.28425059535261143,false,
14.676851788038125,14.126629298733796,-3.9412253662885472,-0.1521062067101694,false,
7.346726558477622,13.11168888233311,-2.593736619690638,-1.8043385180456646,true,
6.5197380710400274,10.029277247338438,0.0375903857926172,-1.2780731169490114,true,
6.219014984699084,7.435540627647799,-1.052530802193302,-1.3156635027416286,true,
3.813230293971536,7.397950241855182,-0.9773500306080671,0.2631327005483257,true,
