X,Y,Tangent X,Tangent Y,Fixed Theta,Name
5.0,12.5,10.0,0.0,true,
7.722630416403804,12.20951962331028,0.3759038579261773,-0.3759038579261791,true,
7.5,10.0,0.22263041640380443,-3.203495930826705,true,
7.685040030611186,7.773854099781363,1.0525308021933002,-0.7142173300597427,true,
15.0,7.0,4.964560055575884,0.6004546499378526,false,
22.5,10.0,0.6722789771697784,0.48036187684985343,true,
24.90143672363021,13.637954283429762,2.105061604386602,-0.15036154317047234,true,
28.923608003440325,9.991686861545821,-0.004826656679156827,-1.5119285701588971,true,
25.0893886525933,6.195057896491408,-1.3766363933188046,0.022046383929002822,true,
22.5,10.0,-2.97881674090005,3.0474300712321005,false,
15.0,13.0,-5.0,1.1842378929335002E-15,false,
7.5,10.0,-4.20769691136481,-1.9444058968522537,false,
2.5,7.5,-3.686291016446652,0.010721399233036166,true,
